soundfx=../../../sound/smiths/smith
soundfx=../../../sound/smiths/sharpening
size=medium
buildable=no
output=axe
output=sharpaxe
output=broadaxe
enhanced_building=yes
enhancement=warmill

[aihints]
build_material=false

[buildcost]
trunk=1
blackwood=1
raw_stone=2
grout=1
thatchreed=1

[working positions]
blacksmith=1

[inputs]
iron=8
coal=8

[programs]
produce_axe=_Produce axe
produce_sharpaxe=_Produce sharpaxe
produce_broadaxe=_Produce broadaxe
work=_Work

[produce_axe]
return=skipped unless economy needs axe
consume=coal iron
sleep=32000
playFX=../../../sound/smiths/smith 192
animate=working 25000
playFX=../../../sound/smiths/sharpening 192
produce=axe

[produce_sharpaxe]
return=skipped unless economy needs sharpaxe
consume=coal iron:2
sleep=32000
playFX=../../../sound/smiths/smith 192
animate=working 25000
playFX=../../../sound/smiths/sharpening 192
produce=sharpaxe

[produce_broadaxe]
return=skipped unless economy needs broadaxe
consume=coal:2 iron:2
sleep=32000
playFX=../../../sound/smiths/smith 192
animate=working 25000
playFX=../../../sound/smiths/sharpening 192
produce=broadaxe

[work]
call=produce_axe
call=produce_sharpaxe
call=produce_broadaxe
return=skipped

[build]
packed=true
pics=axefactory.png
dimensions=117 89
base_offset=117 100
region_00=23 6 94 81:94 189;0 189;234 81;234 0
hotspot=57 76

[idle]
packed=true
pics=axefactory.png
dimensions=117 89
base_offset=0 100
hotspot=57 76

[unoccupied]
packed=true
pics=axefactory.png
dimensions=117 89
base_offset=117 0
hotspot=57 76

[working]
packed=true
pics=axefactory.png
dimensions=117 100
base_offset=0 0
region_00=89 0 23 25:161 302;138 302;115 302;92 302;69 302;46 302;23 302;0 302;303 162;280 162;257 162;234 162;328 271;328 246;328 221;328 196;328 171;328 146;328 121;328 96
region_01=89 25 1 4:360 101;360 101;360 101;360 101;360 101;360 101;360 101;362 96;360 101;360 101;360 101;361 96;360 96;360 101;360 101;360 101;360 101;360 101;360 101;360 101
region_02=79 61 14 13:310 302;296 302;282 302;268 302;254 302;240 302;226 302;212 302;198 302;184 302;314 253;300 253;286 253;272 253;258 253;244 253;230 253;216 253;202 253;188 253
region_03=41 63 1 1:362 137;362 137;362 137;362 137;362 137;362 137;362 137;362 137;362 136;362 136;362 136;362 136;362 136;362 136;362 136;362 136;362 136;362 137;362 137;362 137
region_04=42 64 1 1:362 135;362 135;362 135;362 135;362 134;362 134;362 134;362 134;362 134;362 134;362 134;362 134;362 134;362 134;362 134;362 134;362 134;362 134;362 135;362 135
region_05=35 65 5 4:356 189;356 189;356 189;356 189;351 189;351 189;356 185;356 185;351 185;351 185;356 181;356 181;356 181;356 181;356 181;356 181;351 185;351 181;356 189;356 189
region_06=40 65 2 1:360 139;360 139;360 139;360 135;360 135;360 134;360 134;360 134;360 130;360 130;360 130;360 130;360 129;360 129;360 129;360 129;360 130;360 134;360 135;360 139
region_07=33 69 1 1:362 130;362 130;362 130;362 130;362 130;362 130;362 130;362 130;362 130;362 130;362 130;362 130;362 129;362 129;362 129;362 129;362 130;362 130;362 130;362 130
region_08=34 69 4 5:351 241;351 241;359 236;355 236;351 236;359 231;359 231;355 231;351 231;359 226;355 226;351 226;359 221;355 221;355 221;351 226;351 221;359 231;359 216;351 241
region_09=100 69 3 2:360 124;360 124;360 124;360 124;360 119;360 114;360 114;360 114;360 114;360 114;360 114;360 109;360 109;360 109;360 109;360 109;360 114;360 114;360 124;360 124
region_10=29 71 4 5:355 216;355 216;351 216;359 211;359 211;355 211;351 211;359 206;355 206;351 206;359 201;355 201;351 201;359 196;359 196;355 196;351 196;351 211;359 211;355 216
region_11=34 75 4 3:355 249;355 249;355 249;355 249;351 249;359 246;355 246;351 246;359 241;355 241;355 241;359 193;355 193;355 193;355 193;359 193;355 241;351 193;355 249;355 249
region_12=29 77 3 3:360 131;360 131;360 131;360 131;360 126;360 121;360 116;360 116;360 111;360 106;360 106;360 106;360 106;360 106;360 106;360 106;360 111;360 116;360 131;360 131
region_13=79 79 1 1:362 105;362 105;362 105;362 105;362 105;362 105;362 105;362 100;362 100;362 100;362 100;362 100;362 100;362 100;362 100;362 100;362 100;362 105;362 105;362 105
region_14=75 82 2 3:360 146;360 146;360 146;360 146;360 146;360 146;360 141;360 141;360 136;360 136;361 101;361 101;361 101;361 101;361 101;361 101;360 136;360 141;360 146;360 146
region_15=77 84 2 1:360 105;360 105;360 105;360 105;360 105;360 105;360 105;361 104;360 100;360 100;360 100;360 100;360 100;360 100;360 100;360 100;360 100;360 105;360 105;360 105
region_16=43 43 35 32:328 64;328 32;328 0;280 270;245 270;210 270;175 270;140 270;105 270;70 270;35 270;0 270;293 221;258 221;223 221;188 221;293 189;258 189;223 189;188 189
region_17=83 80 9 5:351 176;351 171;351 166;351 161;351 156;351 151;351 146;351 141;351 136;351 131;351 126;351 121;351 116;351 111;351 111;351 121;351 106;351 101;351 96;351 171
hotspot=57 76
fps=10
