size=port
conquers=5
heal_per_second=170

[buildcost]
trunk=3
wood=4
stone=4
marble=2
marblecolumn=1
cloth=3
gold=2

[build]
packed=true
pics=port.png
dimensions=128 125
base_offset=256 125
region_00=0 0 128 125:256 0;128 129;0 129;128 0
hotspot=74 96

[idle]
packed=true
pics=port.png
dimensions=128 129
base_offset=0 0
region_00=68 0 6 9:257 277;251 277;245 277;239 277;233 277;227 277;221 277;215 277;209 277;203 277;197 277;191 277;185 277;179 277;173 277;167 277;161 277;155 277;149 277;143 277
region_01=113 6 6 18:329 254;323 254;317 254;311 254;305 254;299 254;293 254;287 254;281 254;275 254;269 254;275 254;281 254;287 254;293 254;299 254;305 254;311 254;317 254;323 254
region_02=32 9 11 23:198 254;187 254;176 254;165 254;154 254;143 254;132 254;121 254;110 254;99 254;198 254;88 254;77 254;66 254;55 254;44 254;33 254;22 254;11 254;0 254
region_03=119 31 6 10:137 277;131 277;125 277;119 277;113 277;107 277;101 277;95 277;89 277;83 277;77 277;83 277;89 277;95 277;101 277;107 277;113 277;119 277;125 277;131 277
region_04=42 34 4 5:368 277;364 277;360 277;356 277;352 277;352 277;352 277;352 277;356 277;360 277;368 277;368 277;368 277;348 277;344 277;344 277;344 277;348 277;368 277;368 277
region_05=37 41 4 5:340 277;336 277;332 277;328 277;324 277;324 277;324 277;324 277;320 277;316 277;340 277;312 277;308 277;304 277;300 277;296 277;292 277;288 277;284 277;340 277
region_06=6 71 11 16:66 277;55 277;44 277;33 277;22 277;11 277;0 277;368 254;357 254;346 254;335 254;346 254;357 254;368 254;0 277;11 277;22 277;33 277;44 277;55 277
region_07=4 92 3 6:281 277;281 277;278 277;281 277;275 277;272 277;269 277;266 277;263 277;379 260;379 254;379 260;263 277;266 277;269 277;272 277;275 277;281 277;278 277;281 277
region_08=0 61 5 20:264 254;259 254;254 254;249 254;244 254;239 254;234 254;229 254;224 254;219 254;214 254;219 254;224 254;229 254;234 254;239 254;244 254;249 254;209 254;259 254
hotspot=74 96
fps=10

