# The Headquarters of the barbarians is from the apperance a stable military
# Building, fortified base and some towers made of black wood. Some flags
# in the player colors may be present

# soundfx=../../../sound/spoken/warehouse-bringitin
size=big
buildable=no
destructible=no
heal_per_second=220
conquers=9

[idle]
pics=headquarters_i_??.png
# sfx=0 ../../../sound/spoken/warehouse-bringitin
hotspot=90 96
playercolor=true
fps=10

# [idle]
# packed=true  # NOCOM(#sirver): Get rid of this keyword
# pics=headquarters_i_spritemap.png
# dimensions=120,120
# region_00=54,0,27,20:288,60;288,40;288,20;288,0;243,265;216,265;189,265;162,265;135,265;108,265;81,265;54,265;27,265;0,265;243,245;216,245;189,245;162,245;135,245;108,245
# region_01=110,25,4,6:195,170;199,157;195,157;199,151;195,151;199,145;195,145;195,170;157,132;153,132;157,126;195,151;199,145;153,126;157,120;153,120;282,235;278,235;274,235;199,145
# region_02=20,28,26,17:315,255;315,238;315,221;315,204;315,187;315,170;315,153;315,136;315,119;315,102;315,85;315,68;315,51;315,34;315,17;315,0;286,285;260,285;234,285;208,285
# region_03=89,30,4,4:195,176;199,170;200,165;196,165;192,165;188,165;184,165;180,165;176,165;172,165;176,165;168,165;158,140;154,140;150,140;146,140;142,140;138,140;134,140;195,176
# region_04=91,36,14,17:154,342;140,342;126,342;112,342;98,342;84,342;70,342;56,342;42,342;28,342;14,342;0,342;344,322;330,322;316,322;302,322;288,322;274,322;260,322;154,342
# region_05=84,2,22,20:154,322;132,322;110,322;88,322;66,322;44,322;22,322;0,322;341,300;341,280;341,260;341,240;341,220;341,200;341,180;341,160;341,140;341,120;341,100;341,80
# region_06=78,60,42,25:246,50;246,25;246,0;168,220;126,220;84,220;42,220;0,220;168,195;126,195;84,195;42,195;0,195;204,150;204,125;204,100;204,75;204,50;204,25;204,0
# fps=10
# hotspot=90 96
