size=port
conquers=5
heal_per_second=170

[buildcost]
trunk=3
planks=3
stone=4
diamond=1
quartz=1
spidercloth=3
gold=2

[build]
packed=true
pics=port.png
dimensions=128,102
base_offset=128,0
region_00=0,0,128,93:256,93;256,0;128,102;0,102
hotspot=74 70

[idle]
packed=true
pics=port.png
dimensions=128,102
base_offset=0,0
region_00=4,42,6,7:496,275;490,275;484,275;478,275;472,275;550,268;544,268;538,268;532,268;526,268;520,268;514,268;508,268;502,268;496,268;490,268;484,268;478,268;472,268;549,260
region_01=118,46,7,8:542,260;535,260;528,260;521,260;514,260;507,260;500,260;493,260;486,260;479,260;472,260;548,249;541,249;534,249;527,249;520,249;513,249;506,249;499,249;492,249
region_02=124,57,4,5:480,282;476,282;472,282;554,275;550,275;546,275;542,275;538,275;534,275;530,275;526,275;522,275;518,275;514,275;510,275;506,275;502,275;556,268;555,260;555,249
region_03=90,88,1,1:559,252;559,252;559,252;559,252;559,252;559,252;559,252;559,252;559,252;559,252;559,252;559,252;559,251;559,252;559,252;559,252;559,252;559,252;559,252;559,252
region_04=90,90,1,1:559,250;559,250;559,250;559,250;559,250;559,250;559,250;559,250;559,250;559,250;559,250;559,250;559,249;559,250;559,250;559,250;559,250;559,250;559,250;559,250
region_05=92,84,10,11:482,249;482,249;482,249;482,249;482,249;482,249;482,249;482,249;482,249;482,249;482,249;482,249;472,249;482,249;482,249;482,249;482,249;482,249;482,249;482,249
region_06=25,1,88,83:472,166;472,83;472,0;352,361;264,361;176,361;88,361;0,361;384,249;384,166;384,83;384,0;264,278;176,278;88,278;0,278;264,195;176,195;88,195;0,195
hotspot=74 70
fps=10

