size=big
soldier_capacity=8

[buildcost]
trunk=6
raw_stone=4
grout=6
gold=4
thatchreed=3

[working positions]
trainer=1

[compatibility working positions]
carrier=replace trainer

[inputs]
pittabread=10
fish=6
meat=6
strongbeer=6

[soldier evade]
min_level=0
max_level=1

[programs]
sleep=_Sleep
upgrade_soldier_evade_0=_Upgrade soldier evade 0
upgrade_evade_0=_Upgrade soldier evade 0 (only for compatibility with old savegames (build13))
upgrade_soldier_evade_1=_Upgrade soldier evade 1
upgrade_evade_1=_Upgrade soldier evade 1 (only for compatibility with old savegames (build13))

[sleep]
sleep=5000

[upgrade_soldier_evade_0]
check_soldier=soldier evade 0 # Fails when aren't any soldier of level 0 evade
sleep=15000
animate=working 15000
check_soldier=soldier evade 0 # Because the soldier can be expulsed by the player
consume=pittabread fish,meat strongbeer
train=soldier evade 0 1

[upgrade_evade_0]
check_soldier=soldier evade 0 # Fails when aren't any soldier of level 0 evade
sleep=15000
animate=working 15000
check_soldier=soldier evade 0 # Because the soldier can be expulsed by the player
consume=pittabread fish,meat strongbeer
train=soldier evade 0 1

[upgrade_soldier_evade_1]
check_soldier=soldier evade 1 # Fails when aren't any soldier of level 1 evade
sleep=15000
animate=working 15000
check_soldier=soldier evade 1 # Because the soldier can be expulsed by the player
consume=pittabread:2 fish,meat strongbeer
train=soldier evade 1 2

[upgrade_evade_1]
check_soldier=soldier evade 1 # Fails when aren't any soldier of level 1 evade
sleep=15000
animate=working 15000
check_soldier=soldier evade 1 # Because the soldier can be expulsed by the player
consume=pittabread:2 fish,meat strongbeer
train=soldier evade 1 2

[build]
packed=true
pics=battlearena.png
dimensions=171 102
base_offset=342 0
region_00=0,0,171,102:171,204;0,204;171,102;0,102
hotspot=110 72

[idle]
packed=true
pics=battlearena.png
dimensions=171 102
base_offset=171 0
region_00=33,32,1,1:512,111;512,111;512,111;512,111;512,111;512,111;512,111;512,111;512,111;512,111;512,111;512,111;512,111;512,111;512,111;512,111;512,111;512,111;512,111;512,111
region_01=124,32,7,11:402,325;402,325;402,325;402,325;402,325;402,325;402,325;402,325;402,325;402,325;402,325;402,325;402,325;402,325;402,325;402,325;402,325;402,325;402,325;402,325
region_02=54,33,7,9:377,296;370,296;363,296;363,296;356,296;349,296;356,296;377,296;370,296;363,296;363,296;356,296;349,296;356,296;377,296;377,296;363,296;363,296;356,296;349,296
region_03=127,44,1,1:512,110;512,110;512,110;512,110;512,110;512,110;512,110;512,110;512,110;512,110;512,110;512,110;512,110;512,110;512,110;512,110;512,110;512,110;512,110;512,110
region_04=68,48,12,20:141,382;141,382;141,382;141,382;141,382;141,382;141,382;141,382;141,382;141,382;141,382;141,382;141,382;141,382;141,382;141,382;141,382;141,382;141,382;141,382
region_05=155,54,4,5:508,137;508,137;508,137;508,112;508,107;508,112;508,102;508,137;508,137;508,137;508,112;508,107;508,112;508,112;508,137;508,137;508,137;508,112;508,107;508,112
region_06=104,57,13,20:116,382;116,382;116,382;116,382;116,382;116,382;116,382;116,382;116,382;116,382;116,382;116,382;116,382;116,382;116,382;116,382;116,382;116,382;116,382;116,382
region_07=103,64,1,1:512,109;512,109;512,109;512,109;512,109;512,109;512,109;512,109;512,109;512,109;512,109;512,109;512,109;512,109;512,109;512,109;512,109;512,109;512,109;512,109
region_08=118,68,1,1:512,108;512,108;512,108;512,108;512,108;512,108;512,108;512,108;512,108;512,108;512,108;512,108;512,108;512,108;512,108;512,108;512,108;512,108;512,108;512,108
region_09=29,13,37,19:111,341;74,341;37,341;0,341;474,306;437,306;400,306;363,306;326,306;289,306;252,306;215,306;453,277;416,277;379,277;342,277;471,242;471,207;471,172;471,137
region_10=124,45,29,22:87,382;58,382;29,382;0,382;464,360;435,360;406,360;377,360;348,360;319,360;290,360;261,360;232,360;203,360;174,360;145,360;116,360;87,360;58,360;29,360
region_11=133,77,9,11:386,325;386,325;386,325;386,325;386,325;386,325;386,325;386,325;386,325;386,325;386,325;386,325;386,325;386,325;386,325;386,325;386,325;386,325;386,325;386,325
hotspot=110 72
fps=10

[unoccupied]
packed=true
pics=battlearena.png
dimensions=171 102
base_offset=171 0
region_00=33,32,1,1:512,107
region_01=124,32,7,11:395,325
region_02=54,33,7,9:342,296
region_03=127,44,1,1:512,106
region_04=68,48,12,20:129,382
region_05=155,54,4,5:508,137
region_06=104,57,13,20:493,360
region_07=103,64,1,1:512,105
region_08=118,68,1,1:512,104
region_09=29,13,37,19:471,102
region_10=124,45,29,22:0,360
region_11=133,77,9,11:377,325
hotspot=110 72

[working]
packed=true
pics=battlearena.png
dimensions=171 102
base_offset=0 0
region_00=50,13,16,14:452,341;436,341;420,341;404,341;388,341;372,341;356,341;340,341;324,341;308,341;292,341;276,341;260,341;244,341;228,341;212,341;196,341;180,341;164,341;148,341
region_01=55,35,6,5:507,191;507,161;507,156;507,156;507,126;507,121;507,126;507,191;507,161;507,156;507,156;507,126;507,121;507,126;507,191;507,191;507,156;507,156;507,126;507,121
region_02=162,39,1,1:512,103;512,102;512,102;512,102;512,102;512,102;512,102;512,102;512,102;512,102;512,102;512,102;512,102;512,102;512,102;512,102;512,102;512,102;512,102;512,102
region_03=30,19,18,12:359,325;341,325;323,325;305,325;287,325;269,325;251,325;233,325;215,325;490,277;489,261;471,261;489,226;471,226;489,191;471,191;489,156;471,156;489,121;471,121
region_04=125,41,43,35:172,306;129,306;86,306;43,306;0,306;428,242;385,242;342,242;428,207;385,207;342,207;428,172;385,172;342,172;428,137;385,137;342,137;428,102;385,102;342,102
hotspot=110 72
fps=10
